Examples/app/src/main/assets/data/LIDAR-DSM-2M-TQ38sw/tq3080_DSM_2M.asc
ncols 500
nrows 500
xllcorner    530000
yllcorner    180000
cellsize     2
NODATA_value -9999
[rows 416 to 447 of 500, columns 0 to 72 of 500]
24.843 24.396 24.581 25.078 25.506 26.131 24.188 27.438 27.251 27.441 6.543 4.826 4.608 4.561 3.898 3.876 3.853 4.831 3.826 3.938 4.896 6.796 4.613 4.588 4.536 17.183 22.033 23.633 23.993 24.313 24.736 24.236 25.186 24.548 22.333 21.873 4.101 3.821 6.426 7.093 7.198 7.461 5.808 6.071 5.056 4.501 4.408 4.326 4.251 4.198 4.276 4.321 4.411 4.493 4.526 4.478 4.481 4.443 4.436 4.491 4.698 4.486 8.653 29.618 28.496 27.538 27.468 27.086 26.996 27.886 27.916 4.466 6.533
25.598 25.736 26.008 23.231 21.841 20.568 17.521 24.943 22.936 13.358 8.581 4.011 3.841 3.818 3.796 3.786 3.816 3.838 3.871 3.861 4.756 6.716 5.516 4.601 4.576 8.471 22.058 23.418 23.921 24.226 24.398 23.976 23.816 23.681 23.136 22.326 12.368 6.218 6.358 5.971 4.128 10.308 16.278 19.431 13.826 4.478 4.401 4.326 4.256 4.201 4.221 4.336 4.368 4.448 4.551 4.536 4.478 4.426 4.406 4.473 4.541 4.786 4.513 9.708 23.633 28.658 27.023 26.776 26.853 28.126 27.896 8.656 5.726
22.823 20.551 18.533 11.236 11.296 10.408 4.728 7.108 4.476 3.988 3.841 3.768 3.693 3.743 3.758 3.783 3.808 3.856 3.883 3.916 4.518 6.561 6.598 4.558 4.586 4.713 21.281 23.006 23.791 24.043 23.986 23.903 23.403 22.088 22.948 20.818 8.411 6.296 11.853 18.118 18.628 18.561 18.631 18.691 18.648 4.796 4.378 4.331 4.261 4.171 4.203 4.286 4.321 4.383 4.471 4.543 4.491 4.441 4.403 4.403 4.473 5.348 4.513 4.738 20.286 26.513 26.936 26.866 26.851 27.856 27.906 22.791 5.016
4.413 10.903 11.528 11.413 9.343 8.818 3.738 3.726 3.761 3.726 3.746 3.756 3.738 3.758 3.771 3.788 3.801 3.833 3.878 3.916 4.616 5.173 6.783 4.561 4.621 4.586 20.333 22.536 23.711 23.731 23.623 23.451 23.116 20.711 20.853 20.316 18.761 18.426 18.566 18.588 18.893 18.583 18.586 18.643 18.466 5.956 4.336 4.313 4.276 4.181 4.178 4.246 4.341 4.376 4.448 4.548 4.443 4.458 4.446 4.406 4.481 4.891 4.453 4.511 13.238 24.511 27.041 27.011 26.908 29.918 27.871 27.788 14.121
4.208 8.176 4.076 3.701 3.608 3.666 3.698 3.686 3.688 3.713 3.761 3.738 3.738 3.748 3.766 3.773 3.773 3.843 3.891 3.881 4.881 4.181 6.708 5.186 4.561 4.591 14.548 21.906 23.186 22.741 22.203 22.188 21.571 20.311 18.618 18.606 18.818 18.548 18.923 18.631 18.628 18.616 18.596 18.848 17.468 13.851 4.378 4.346 4.286 4.213 4.126 4.181 4.221 4.306 4.383 4.486 4.483 4.451 4.428 4.416 4.468 4.471 4.603 4.468 5.956 24.503 28.231 27.098 26.923 26.868 28.113 27.771 19.146
3.638 3.666 3.658 3.676 3.666 3.691 3.716 3.713 3.713 3.718 3.736 3.758 3.746 3.753 3.768 3.796 4.051 5.461 6.971 7.681 7.276 4.971 6.598 6.423 4.563 4.606 7.371 21.471 21.533 20.866 19.556 20.143 20.241 20.216 18.758 18.743 18.608 18.598 18.641 18.638 18.661 18.696 18.673 18.733 18.318 13.936 4.383 4.311 4.271 4.201 4.073 4.183 4.253 4.341 4.403 4.473 4.483 4.473 4.468 4.331 4.398 4.441 5.286 4.448 5.061 19.353 26.698 26.851 26.888 26.921 27.981 27.898 25.498
3.618 3.646 3.628 3.653 3.646 3.668 3.696 3.703 3.713 3.713 3.733 3.743 3.738 3.763 3.768 5.868 7.291 6.431 4.643 3.928 3.906 3.928 5.156 6.633 4.526 4.528 4.603 14.718 6.893 6.758 11.618 19.426 20.231 20.216 19.558 18.991 18.706 18.598 16.043 6.338 4.546 2.411 18.671 18.673 18.703 16.681 6.596 4.313 4.281 4.198 4.076 4.056 4.128 4.213 4.408 4.476 4.568 4.491 4.418 4.406 4.398 4.456 4.973 4.423 4.468 14.993 24.373 27.671 27.036 29.426 27.151 27.951 28.036
3.606 3.611 3.608 3.618 3.623 3.648 3.661 3.671 3.681 3.706 3.716 3.708 3.736 3.768 3.763 3.793 3.793 3.816 3.851 3.933 3.946 4.013 4.343 6.601 4.496 4.363 4.343 5.251 6.453 6.718 8.911 19.138 20.236 20.233 20.231 20.116 3.308 2.826 2.048 2.188 2.656 2.551 16.753 18.588 19.621 17.308 11.993 4.296 4.233 4.173 4.116 3.981 4.128 4.243 4.346 4.396 4.591 4.561 4.431 4.348 4.368 4.368 4.423 4.433 4.431 6.428 24.356 27.951 27.993 28.916 26.918 28.046 27.986
3.573 3.581 3.588 3.588 3.611 3.603 3.613 3.641 3.651 3.678 3.698 3.708 3.726 3.741 3.758 3.781 3.806 3.818 3.858 3.893 3.938 3.948 3.983 6.606 5.733 4.283 4.293 4.293 4.308 4.423 4.741 18.213 20.226 20.238 20.228 20.203 2.248 2.646 2.028 2.056 1.958 6.156 17.498 18.611 19.023 18.008 16.853 4.288 4.248 4.178 4.093 4.073 4.071 4.161 4.193 4.313 4.556 4.578 4.398 4.383 4.348 4.341 4.433 5.043 4.433 8.836 20.811 27.856 26.883 26.871 26.861 28.138 27.998
3.553 3.563 3.563 3.548 3.541 3.536 3.528 3.546 3.623 3.661 3.673 3.681 3.698 3.718 3.761 3.778 3.806 3.818 3.858 3.908 3.918 3.991 4.001 6.573 6.618 4.276 4.278 4.293 4.351 4.371 4.388 14.198 20.126 20.251 20.253 20.193 6.103 3.711 10.146 18.711 18.618 18.673 18.651 18.603 18.936 18.368 17.366 4.308 4.276 4.203 4.141 4.058 4.043 4.093 4.243 4.308 4.451 4.508 4.408 4.363 4.366 4.368 4.413 4.416 4.408 4.486 17.331 25.266 26.821 26.878 26.911 27.378 27.951
3.548 3.536 3.518 3.483 3.473 3.473 3.516 3.528 3.601 3.638 3.666 3.676 3.693 3.708 3.706 3.728 3.808 3.823 3.848 3.921 3.961 3.978 3.988 5.551 6.713 4.671 4.276 4.303 4.321 4.341 4.356 7.013 19.091 20.221 20.236 20.233 20.013 18.648 18.626 19.168 19.893 20.973 20.971 19.588 18.686 18.923 16.846 4.853 4.263 4.226 4.158 4.093 4.028 4.123 4.171 4.301 4.348 4.536 4.456 4.376 4.343 4.358 4.683 4.418 4.438 4.483 10.213 24.333 27.828 27.118 26.896 26.836 27.963
3.526 3.518 3.488 3.443 3.441 3.463 3.478 3.528 3.573 3.606 3.628 3.651 3.666 3.691 3.728 3.768 3.808 3.821 3.853 3.908 3.983 3.986 4.283 4.353 6.728 6.031 4.256 4.253 4.341 4.538 4.326 4.458 18.331 20.186 20.208 20.196 20.201 18.653 18.576 19.881 20.993 21.021 21.003 21.051 18.621 18.896 18.008 7.796 4.281 4.228 4.153 4.106 3.956 4.081 4.223 4.331 4.306 4.486 4.491 4.483 4.346 4.328 4.678 5.636 4.398 4.416 11.096 23.316 28.213 26.838 26.911 28.071 28.171
3.491 3.493 3.458 3.418 3.418 3.431 3.466 3.503 3.543 3.576 3.603 3.631 3.656 3.691 3.711 3.748 3.783 3.811 3.836 3.871 3.931 4.263 4.018 3.938 6.571 6.703 4.296 4.736 4.366 4.358 4.363 4.381 16.066 20.178 20.196 20.226 20.193 18.833 18.643 18.658 21.006 21.076 20.126 19.541 18.713 18.916 17.946 16.181 4.251 4.251 4.158 4.103 3.983 4.038 4.131 4.306 4.403 4.556 7.093 4.333 4.326 4.326 4.241 6.803 4.346 4.378 5.241 16.553 25.368 26.856 32.461 30.176 27.666
3.453 3.448 3.448 3.421 3.398 3.416 3.448 3.493 3.528 3.563 3.603 3.638 3.653 3.683 3.698 3.733 3.791 3.828 3.843 3.873 3.913 3.966 3.976 3.978 4.903 7.361 5.051 4.403 4.263 4.268 4.256 4.311 10.601 19.788 20.216 20.193 20.206 20.033 18.648 18.648 18.648 18.641 18.626 18.666 17.983 17.513 17.203 16.271 5.673 5.818 4.123 4.096 3.978 3.978 4.091 5.548 4.268 4.353 7.988 4.408 4.303 4.303 4.233 5.726 4.343 4.398 4.871 11.821 24.243 28.058 27.121 26.896 26.873
3.423 3.431 3.428 3.413 3.418 3.416 3.443 3.486 3.533 3.563 3.596 3.638 3.661 3.678 3.698 3.726 3.761 3.796 3.826 3.853 3.916 3.938 3.958 3.988 3.971 6.538 5.956 4.238 4.248 4.238 4.358 4.391 8.483 17.936 20.226 20.193 20.251 18.633 18.608 18.618 18.593 18.616 18.623 18.663 17.501 14.983 10.713 5.216 4.131 4.203 4.101 4.056 4.053 3.916 4.003 4.218 4.251 4.358 4.613 4.376 4.343 4.306 4.296 4.333 4.371 4.553 4.361 5.491 23.873 28.338 26.998 26.838 26.896
3.393 3.408 3.416 3.406 3.403 3.441 3.468 3.506 3.536 3.558 3.583 3.628 3.661 3.678 3.701 3.733 3.763 3.791 3.798 3.826 3.883 3.921 3.951 3.961 3.971 6.496 6.028 4.281 4.448 5.808 4.571 4.608 7.731 17.931 20.198 20.006 18.058 18.696 18.621 18.616 18.623 18.188 15.688 6.531 4.263 4.053 4.043 4.128 4.151 9.288 8.536 4.103 4.121 3.988 3.983 4.016 4.273 4.286 4.453 4.431 4.321 4.328 4.281 4.283 4.328 4.968 4.356 4.733 19.281 26.813 26.853 26.861 26.911
3.346 3.361 3.383 3.396 3.413 3.453 3.468 3.483 3.533 3.553 3.596 3.633 3.658 3.661 3.671 3.723 3.761 3.783 3.793 3.831 3.871 3.911 3.938 3.961 3.978 6.108 5.506 5.988 6.061 5.766 5.291 5.011 6.361 16.586 13.493 10.656 9.131 18.763 17.701 12.791 6.728 4.336 4.001 4.048 4.333 8.378 14.761 15.708 15.601 15.798 11.188 4.088 4.056 4.041 3.828 4.066 4.206 4.263 4.373 4.453 4.321 4.306 4.596 4.238 4.356 4.568 4.328 4.373 12.671 24.698 26.906 26.983 27.836
3.286 3.321 3.356 3.378 3.421 3.441 3.456 3.491 3.533 3.568 3.613 3.628 3.638 3.658 3.676 3.718 3.758 3.783 3.806 3.848 3.851 3.888 3.921 3.906 3.943 4.351 6.843 5.088 9.513 11.776 17.698 17.768 18.011 18.251 10.766 4.203 4.671 4.661 4.221 4.013 4.143 4.106 3.963 4.053 6.423 15.398 16.316 16.871 16.813 16.376 15.626 4.138 4.081 4.046 3.926 4.131 4.081 4.221 4.326 4.458 4.396 4.343 4.383 4.356 4.313 4.333 4.443 4.393 5.463 24.131 28.786 26.903 27.433
3.286 3.303 3.333 3.373 3.411 3.436 3.471 3.438 3.528 3.568 3.616 3.636 3.638 3.661 3.691 3.723 3.741 3.778 3.803 3.813 3.838 3.861 3.878 3.908 3.941 3.938 13.481 17.988 18.068 18.243 18.461 18.661 18.861 19.038 12.726 4.051 4.291 4.096 3.988 4.146 4.048 3.983 4.098 4.136 4.261 15.283 16.491 17.751 17.991 16.636 15.626 4.191 4.068 4.066 3.976 3.988 4.151 4.241 4.346 4.431 4.418 4.278 4.308 4.293 4.218 4.291 4.998 4.301 4.996 20.691 26.883 26.796 27.641
3.266 3.278 3.331 3.363 3.398 3.433 3.463 3.503 3.533 3.576 3.616 3.638 3.651 3.673 3.691 3.713 3.711 3.741 3.776 3.801 3.826 3.841 3.868 3.898 3.913 3.943 11.668 18.721 18.898 19.106 19.313 19.586 19.763 19.936 18.166 5.236 6.118 4.123 4.061 4.073 4.091 4.223 4.151 4.076 3.486 14.783 16.943 17.443 19.178 16.963 15.796 10.166 4.103 4.066 4.063 3.993 4.108 4.181 4.356 4.436 4.433 4.356 4.291 4.291 4.263 4.286 4.648 4.238 4.326 13.001 24.891 27.033 30.791
3.238 3.271 3.273 3.353 3.386 3.421 3.451 3.503 3.518 3.548 3.588 3.616 3.653 3.673 3.681 3.701 3.733 3.758 3.763 3.793 3.828 3.831 3.853 3.876 3.928 3.943 6.331 19.683 19.833 20.038 20.293 20.888 20.253 20.143 20.268 6.628 6.593 4.448 4.193 4.088 4.191 4.218 4.056 5.436 8.511 13.591 16.298 17.358 18.376 17.193 16.446 15.653 4.078 4.091 4.038 3.988 4.006 4.226 4.291 4.321 4.448 4.316 4.301 4.231 4.266 4.261 4.293 4.396 4.328 24.156 28.346 27.631 29.523
3.236 3.273 3.313 3.363 3.386 3.413 3.441 3.493 3.516 3.543 3.583 3.613 3.638 3.666 3.683 3.693 3.713 3.751 3.761 3.788 3.821 3.828 3.853 3.888 3.931 3.946 3.961 20.438 20.211 19.946 19.751 19.616 19.458 19.203 19.093 9.703 6.538 4.326 4.748 6.338 13.471 13.658 14.046 14.013 14.058 14.048 15.433 16.956 18.178 17.481 17.298 17.603 4.111 4.081 4.046 3.981 4.093 4.083 4.251 4.338 4.438 4.391 4.401 4.283 4.228 4.251 4.248 5.011 4.283 24.426 29.371 30.231 30.508
3.231 3.266 3.318 3.356 3.388 3.416 3.441 3.496 3.508 3.536 3.551 3.598 3.651 3.663 3.681 3.708 3.718 3.746 3.768 3.768 3.791 3.821 3.863 3.903 3.921 3.928 3.938 19.631 19.316 19.096 18.936 18.758 18.568 18.436 18.261 14.206 13.326 17.313 17.378 17.338 17.218 14.001 14.051 14.081 14.066 14.108 15.271 16.946 17.896 17.913 17.396 17.183 4.023 4.101 4.061 4.041 4.003 4.078 4.188 4.358 4.473 4.496 6.093 6.168 4.328 4.186 4.223 4.731 4.248 17.323 30.453 30.086 30.383
3.248 3.268 3.283 3.356 3.423 3.406 3.441 3.456 3.486 3.533 3.561 3.596 3.643 3.661 3.686 3.678 3.728 3.728 3.771 3.776 3.796 3.808 3.868 3.911 3.906 3.936 3.933 10.428 18.468 18.278 18.063 17.993 16.286 14.961 17.721 17.713 17.531 17.438 17.411 17.316 17.228 14.278 14.141 14.168 14.176 14.198 15.106 16.816 17.636 18.156 16.796 16.338 6.756 4.081 4.053 4.043 4.076 4.123 4.236 4.346 4.471 4.436 4.716 5.813 4.341 4.213 4.223 4.356 4.281 5.048 29.463 29.473 30.293
3.233 3.268 3.303 3.361 3.386 3.406 3.433 3.448 3.478 3.501 3.533 3.588 3.636 3.641 3.671 3.663 3.688 3.736 3.758 3.786 3.776 3.796 3.833 3.888 3.911 3.971 3.938 5.721 14.248 10.008 10.176 9.573 9.488 9.406 15.438 17.653 17.601 18.133 17.431 17.341 17.261 15.348 14.338 14.263 14.601 14.111 14.513 16.251 17.256 18.386 17.411 15.816 10.046 4.126 4.048 4.033 4.018 4.063 4.171 4.246 4.351 4.483 4.306 4.718 4.208 4.231 4.198 4.196 4.666 4.268 11.776 30.371 39.573
3.221 3.261 3.293 3.336 3.358 3.393 3.411 3.436 3.463 3.491 3.526 3.583 3.586 3.636 3.693 3.681 3.703 3.736 3.731 3.768 3.773 3.796 3.858 3.881 3.906 3.956 3.948 3.953 4.003 4.011 6.136 9.623 9.526 9.428 12.798 17.643 17.631 17.573 17.456 17.833 18.391 16.491 13.973 13.961 13.943 13.956 14.123 15.638 17.041 18.663 17.386 16.086 13.461 4.078 4.061 4.028 4.038 4.076 4.193 4.223 4.286 4.383 4.313 4.288 4.281 4.241 4.178 4.221 4.203 4.248 4.786 28.801 41.411
3.211 3.246 3.278 3.343 3.356 3.363 3.391 3.441 3.453 3.481 3.533 3.553 3.606 3.653 3.693 3.706 3.701 3.736 3.743 3.753 3.748 3.791 3.813 3.868 3.911 3.928 3.946 3.978 4.006 4.056 4.061 9.646 9.533 9.451 12.311 17.676 17.591 17.546 17.471 17.328 17.283 17.236 13.913 13.848 13.881 13.858 13.848 15.858 16.966 17.823 17.473 16.346 15.496 4.116 4.118 4.083 4.058 4.051 4.113 4.213 4.241 4.336 4.351 4.296 4.316 4.171 4.161 4.161 4.176 4.191 4.216 26.486 39.491
3.218 3.238 3.243 3.313 3.313 3.368 3.418 3.431 3.441 3.498 3.541 3.553 3.603 3.656 3.681 3.693 3.711 3.716 3.736 3.743 3.748 3.768 3.811 3.868 3.928 3.943 3.973 3.963 3.996 4.048 4.071 9.821 9.568 9.488 10.478 17.726 17.616 17.548 19.563 17.368 17.298 17.278 14.003 13.836 13.808 13.791 13.528 15.341 16.356 16.481 16.733 15.896 15.436 4.241 4.101 4.153 4.076 4.013 4.096 4.226 4.293 4.346 4.351 4.326 4.333 4.331 4.213 4.136 4.208 4.198 4.281 10.698 27.648
3.218 3.233 3.263 3.288 3.343 3.358 3.386 3.418 3.461 3.483 3.533 3.551 3.628 3.658 3.686 3.688 3.696 3.666 3.716 3.713 3.751 3.781 3.863 3.898 3.926 3.981 4.083 4.528 4.068 4.061 4.071 7.006 9.613 9.516 9.446 17.788 17.651 17.511 17.511 17.423 17.328 17.243 14.656 12.301 9.686 9.026 9.048 12.168 15.538 15.366 13.573 11.871 6.091 4.518 4.081 4.106 4.113 4.038 4.101 4.211 4.276 4.361 4.471 4.368 4.263 4.306 4.208 4.218 4.228 4.236 4.276 4.296 4.303
3.196 3.231 3.253 3.288 3.346 3.363 3.371 3.403 3.468 3.503 3.531 3.533 3.586 3.621 3.663 3.681 3.696 3.713 3.723 3.753 3.783 3.793 3.858 3.881 3.898 3.953 5.866 6.563 4.123 4.058 4.078 5.278 9.653 9.538 9.443 17.363 17.716 18.353 18.246 19.718 19.761 17.216 12.156 9.178 9.271 8.031 7.988 5.153 8.683 4.141 3.938 3.951 4.038 4.153 4.131 4.106 4.093 4.078 4.073 4.151 4.256 4.338 4.501 4.413 4.378 4.313 4.238 4.158 4.138 4.286 4.248 4.258 4.226
3.198 3.216 3.261 3.291 3.293 3.328 3.348 3.386 3.428 3.453 3.491 3.521 3.573 3.598 3.663 3.663 3.688 3.723 3.691 3.753 3.781 3.796 3.833 3.898 3.908 3.958 4.086 4.048 4.038 4.026 4.081 4.076 9.693 9.578 9.483 13.926 17.818 19.733 19.818 20.273 21.076 21.081 21.783 5.201 3.866 3.891 3.888 3.871 3.866 3.926 3.941 3.978 4.028 5.843 4.103 4.121 4.126 4.116 4.118 4.176 4.226 4.251 4.468 4.443 4.363 4.381 4.286 4.216 4.208 4.226 4.163 4.156 4.203
3.173 3.233 3.243 3.241 3.258 3.278 3.321 3.366 3.413 3.418 3.471 3.526 3.596 3.593 3.641 3.673 3.706 3.721 3.741 3.723 3.781 3.806 3.873 3.851 3.891 3.933 3.993 4.016 4.051 4.046 4.061 4.053 9.726 9.586 9.513 11.298 17.943 18.823 18.146 22.111 22.813 23.071 22.313 4.241 3.891 3.873 3.866 3.858 3.876 3.918 3.948 3.976 8.281 9.051 4.136 4.101 4.138 4.101 4.133 4.176 4.266 4.263 4.301 4.376 4.476 4.371 4.323 4.351 4.171 4.228 4.191 4.123 4.126
