Examples/app/src/main/assets/data/LIDAR-DSM-2M-TQ38sw/tq3080_DSM_2M.asc
ncols 500
nrows 500
xllcorner    530000
yllcorner    180000
cellsize     2
NODATA_value -9999
[rows 96 to 127 of 500, columns 0 to 72 of 500]
19.591 19.598 19.586 19.568 19.546 19.598 19.563 19.513 19.573 22.458 29.308 29.076 29.021 28.961 28.656 27.178 25.268 27.331 27.378 27.336 28.663 28.511 25.866 34.346 36.901 37.773 37.438 36.801 32.733 19.571 20.053 19.173 19.181 19.116 19.206 38.768 38.568 37.991 40.821 41.331 41.153 38.54 37.391 36.177 34.199 31.758 30.353 39.141 39.006 38.727 38.475 37.977 37.711 37.874 26.615 24.294 31.65 35.761 36.173 36.313 34.292 34.749 35.567 36.067 36.279 36.509 34.196 33.052 33.823 35.336 36.351 35.308 36.203
26.376 25.401 24.896 23.936 22.948 22.816 22.771 19.553 19.566 21.596 29.216 29.083 29.071 29.553 29.763 28.258 28.968 24.813 24.563 24.263 24.036 24.213 28.428 32.873 34.983 33.878 34.916 32.678 27.378 20.091 19.641 19.343 19.201 19.138 19.203 35.446 38.403 38.173 40.106 41.337 41.197 39.38 37.297 35.995 34.341 31.409 29.849 35.864 38.475 38.007 37.642 37.476 37.516 37.408 32.554 25.753 31.193 35.461 35.21 35.564 35.95 35.945 35.945 36.21 36.33 36.928 34.964 33.045 33.056 33.431 34.078 35.963 34.736
32.166 31.836 31.976 31.973 32.116 32.203 23.003 19.666 19.521 19.576 32.306 33.646 35.706 35.731 29.311 33.506 33.381 31.646 28.788 24.688 23.558 23.431 31.651 33.796 32.593 31.846 35.398 32.696 32.431 22.326 19.158 19.596 19.128 19.056 19.123 31.991 38.141 38.171 38.681 41.335 41.24 40.902 37.32 33.578 32.786 29.389 28.194 36.045 37.485 36.669 34.904 34.33 33.425 35.163 34.125 33.412 34.872 32.292 32.185 33.386 35.951 35.948 35.936 35.921 36.209 35.943 34.157 33.004 33.001 33.541 34.306 33.726 33.593
32.578 32.661 32.593 32.561 32.611 32.606 23.053 19.848 19.466 19.548 33.088 33.321 33.778 33.688 33.486 33.473 34.131 30.446 29.776 27.993 26.476 26.768 31.231 32.638 32.553 32.796 35.386 32.396 30.933 22.686 19.158 19.103 19.153 19.048 19.096 26.778 37.816 38.716 37.998 41.42 41.019 41.01 40.095 34.521 33.305 27.84 25.126 27.553 27.258 28.17 28.112 30.101 31.605 32.178 32.595 33.799 34.039 34.23 34.449 34.48 35.907 35.756 35.03 34.553 33.868 32.08 33.286 33.036 30.416 28.116 23.581 22.633 21.238
32.848 34.738 35.311 35.573 35.213 33.371 23.066 20.123 19.488 19.558 32.408 33.471 33.411 34.191 33.558 33.561 34.778 32.446 30.161 28.068 28.163 28.621 29.731 31.828 32.101 32.156 32.473 32.268 33.073 27.003 19.826 19.068 19.076 19.036 19.071 24.606 37.683 38.996 38.021 41.464 41.064 41.24 41.182 38.148 37.254 27.869 22.476 27.302 30.547 31.144 31.723 35.877 35.892 36.293 34.902 34.869 34.857 35.196 34.507 34.342 33.016 30.146 26.367 22.022 21.074 20.978 21.006 21.026 21.031 21.04 21.062 21.006 21.036
35.238 35.238 37.031 35.416 35.318 33.438 27.258 27.281 27.008 27.218 32.206 31.243 29.336 28.608 28.721 29.318 31.033 29.561 29.638 29.558 29.748 30.103 30.323 31.653 32.131 32.133 32.458 32.458 32.503 28.863 22.526 19.063 19.063 19.011 18.918 21.671 38.303 38.783 37.956 41.337 41.064 40.129 40.006 36.324 33.745 32.65 32.451 34.586 32.709 31.933 31.872 36.908 36.244 36.042 35.578 33.936 31.405 27.588 22.553 20.746 20.779 20.833 20.852 20.841 20.884 20.86 20.935 20.986 21.004 21.038 21.063 21.087 21.09
34.766 35.968 35.546 35.418 35.351 33.563 23.088 20.676 19.441 19.538 32.093 32.353 31.793 32.718 33.173 33.438 33.508 31.521 30.938 30.741 30.773 30.823 30.868 31.466 32.086 32.168 32.586 34.508 32.228 32.106 23.598 19.021 19.021 19.008 18.946 19.101 35.473 41.023 35.186 33.62 34.018 34.541 34.96 35.092 35.15 34.483 32.666 32.421 32.656 31.682 29.744 29.255 25.355 24.622 20.439 20.466 20.503 20.629 20.606 20.673 20.738 20.778 20.812 20.865 20.901 20.953 20.985 21.006 21.157 22.771 26.065 28.507 24.261
35.136 35.926 37.008 37.551 35.758 33.801 22.358 20.133 19.416 19.493 32.103 32.753 33.741 33.993 34.288 34.416 33.498 33.673 31.888 31.171 31.166 31.253 31.356 31.471 32.076 33.311 32.231 34.151 32.596 33.288 23.043 19.066 19.018 18.996 18.948 18.998 32.288 34.971 35.141 35.154 34.847 34.55 35.362 34.119 30.996 29.097 24.613 22.339 20.392 20.616 20.148 20.178 20.242 20.295 20.347 20.431 20.435 20.532 20.572 20.672 20.73 20.857 20.878 20.999 22.173 23.517 27.284 30.902 33.527 34.662 33.513 33.282 31.768
33.051 34.281 36.953 37.556 35.843 33.963 19.546 19.411 19.403 19.476 32.241 32.251 34.661 35.693 35.366 34.746 33.596 33.506 32.616 32.581 32.813 32.823 31.683 31.463 32.091 33.998 32.923 33.848 34.358 33.838 23.048 19.136 18.978 18.923 18.888 18.943 28.263 34.126 33.436 31.577 27.094 21.297 20.201 19.684 19.746 19.8 19.865 19.923 19.957 20.047 20.066 20.135 20.214 20.289 20.329 20.411 20.472 21.035 22.807 24.516 29.172 30.344 33.022 33.816 34.786 35.003 35.662 35.332 35.31 35.271 33.634 33.048 33.965
31.438 33.468 36.788 37.556 35.913 34.288 23.061 20.776 19.383 19.453 28.706 31.633 34.623 35.641 35.616 34.871 33.718 33.583 33.778 32.653 31.118 31.146 31.063 31.081 32.023 33.283 32.456 33.531 34.381 33.278 23.111 19.033 18.951 18.896 18.881 18.958 19.513 19.188 19.251 19.358 19.402 19.481 19.551 19.646 19.696 19.77 19.835 19.904 19.969 20.037 20.114 20.871 22.361 24.986 25.082 29.159 30.91 33.706 34.339 34.699 35.761 35.567 35.591 35.845 35.787 35.865 35.982 35.543 35.382 35.361 33.956 33.016 33.924
31.866 33.621 35.593 35.428 35.326 34.453 24.678 21.138 19.326 19.451 29.898 31.976 34.163 35.536 35.373 35.028 33.938 33.546 32.108 31.261 30.821 30.756 30.708 30.661 31.843 32.083 32.196 32.828 34.423 32.836 22.801 19.031 18.943 18.878 18.938 18.933 19.038 19.138 19.226 19.308 19.385 19.469 19.544 19.615 19.711 19.787 20.899 22.702 24.107 26.952 30.612 32.644 33.957 34.787 32.652 34.984 34.954 35.173 35.428 35.536 35.844 35.865 35.774 35.689 35.566 35.458 35.338 35.782 35.763 36.22 34.023 33.036 33.802
31.973 33.523 35.578 35.428 35.303 34.596 26.706 21.176 19.336 19.441 26.516 31.278 33.683 34.733 34.466 34.268 34.031 33.586 30.656 30.126 30.208 30.253 30.608 31.098 31.713 32.141 32.143 32.193 34.411 32.481 22.913 19.046 18.898 18.893 18.981 19.001 19.018 19.113 19.303 19.331 20.111 20.991 22.863 27.611 32.64 33.444 34.381 35.028 33.473 34.796 34.745 34.226 34.874 34.882 32.457 34.959 34.948 33.528 35.488 35.292 35.147 35.005 34.692 33.813 32.974 31.982 29.671 35.301 34.168 33.484 34.78 34.694 34.624
31.721 32.388 35.583 35.456 35.401 35.261 25.421 21.233 19.338 19.386 26.023 31.351 32.956 33.533 33.311 33.081 32.553 31.628 32.726 32.721 32.741 32.748 32.738 32.791 32.411 32.516 33.096 33.866 32.131 27.891 20.331 18.986 18.838 18.953 18.926 18.946 19.001 19.578 29.486 30.648 31.856 32.163 33.579 33.634 35.736 35.489 35.506 35.506 35.99 34.731 34.74 34.91 34.853 34.854 33.024 35.061 34.967 35.359 33.797 33.092 32.584 27.138 26.43 26.35 28.005 27.508 26.63 26.398 25.286 27.173 32.545 34.198 34.326
29.768 28.621 24.941 24.781 24.703 24.698 24.286 21.466 19.368 19.443 25.473 31.168 31.916 29.353 28.466 28.443 28.313 27.896 31.541 32.503 31.138 32.368 29.103 27.083 22.738 22.588 23.156 21.428 19.128 19.026 19.041 18.998 18.931 19.566 18.888 18.938 18.891 19.763 32.228 32.606 32.573 32.468 33.38 32.869 35.099 35.496 35.111 34.576 34.196 34.694 34.691 34.727 34.328 34.233 32.649 32.292 32.308 32.344 30.89 31.196 30.563 23.807 23.181 23.943 25.635 24.942 24.065 22.769 21.174 23.898 32.26 33.81 34.338
23.106 23.338 23.401 23.336 23.181 23.136 23.111 21.803 19.416 19.453 21.758 23.048 22.996 22.631 22.861 22.728 22.356 21.953 22.341 21.381 20.973 20.798 19.626 19.483 19.091 19.066 19.036 19.018 19.033 19.026 18.988 18.971 18.908 20.098 18.871 18.883 18.883 18.996 31.378 32.236 32.321 32.663 33.291 26.744 22.576 23.106 24.246 21.96 24.263 32.634 32.012 32.123 30.663 28.975 25.735 24.672 23.765 22.697 20.658 20.271 20.302 20.363 20.475 20.626 21.843 23.529 25.447 27.535 25.442 26.734 32.734 32.237 32.242
19.993 20.196 19.598 19.503 19.808 20.001 19.518 19.841 19.456 19.451 19.458 19.458 19.416 19.336 19.341 19.366 19.371 19.331 19.298 19.261 19.226 19.196 19.163 19.128 19.118 19.821 21.793 25.173 28.911 34.836 31.793 18.951 19.073 19.508 18.843 18.888 18.888 18.868 28.883 33.218 33.378 33.283 33.318 28.641 22.906 22.315 22.268 22.78 22.705 23.84 23.796 23.362 22.729 21.598 20.001 20.018 20.083 20.242 21.185 22.74 25.404 27.228 28.39 29.177 30.073 31.004 31.177 31.274 32.622 32.521 32.46 32.839 33.367
20.986 20.526 22.016 21.996 19.541 19.543 19.528 19.493 19.473 19.501 19.491 19.503 19.581 20.181 21.863 21.541 20.446 21.703 23.841 25.038 26.771 31.858 28.883 28.796 34.468 39.868 39.993 40.088 40.303 40.521 40.236 25.158 18.843 18.718 18.756 18.761 18.746 18.838 23.536 31.713 33.313 33.731 34.361 33.848 33.943 22.346 22.446 23.492 22.199 21.237 19.61 19.718 20.022 21.16 25.614 26.523 27.919 28.894 29.988 29.945 31.019 30.144 29.95 29.731 29.812 28.988 31.074 32.675 33.307 30.007 25.452 34.842 35.576
31.433 34.036 32.968 33.448 38.013 36.038 34.863 35.466 37.118 35.873 37.016 35.963 36.031 37.566 36.161 36.213 37.788 36.203 36.488 36.198 36.351 36.998 36.468 36.533 37.116 41.076 41.086 41.343 41.433 41.481 40.551 29.996 18.806 18.623 18.653 18.761 18.676 18.741 20.003 34.478 34.431 34.303 34.038 34.408 34.393 23.531 21.973 19.158 23.21 27.118 28.054 28.884 29.103 29.106 29.732 30.152 29.629 29.327 29.986 29.015 26.834 24.772 24.679 23.929 22.148 21.855 27.078 35.574 35.544 32.382 29.612 35.224 35.563
36.661 36.658 36.751 36.873 36.846 36.888 36.918 37.061 37.908 37.093 37.151 37.171 37.103 37.208 37.323 37.343 37.471 37.516 37.551 37.598 37.696 37.651 37.671 37.716 37.876 41.886 41.066 41.536 41.898 41.541 40.703 37.218 18.743 19.018 18.951 18.728 18.673 18.603 18.773 34.488 34.448 34.536 34.696 34.373 34.406 31.403 27.536 29.996 29.638 29.848 29.796 29.439 29.083 29.198 26.279 23.734 23.209 22.696 22.838 22.346 22.623 24.887 24.53 24.82 20.887 18.001 26.254 35.552 35.559 35.594 35.643 35.612 35.59
38.081 38.016 37.981 38.016 38.163 38.196 38.198 38.296 35.901 38.253 38.321 38.328 38.358 38.388 38.408 38.391 38.568 38.553 38.433 38.393 38.436 38.373 38.276 38.356 38.423 39.996 40.916 40.356 42.383 42.766 41.271 39.818 18.763 18.828 19.431 18.656 18.638 18.618 18.703 32.523 34.443 34.433 34.353 34.413 35.396 36.863 34.358 32.678 31.096 24.693 22.528 21.914 22.837 21.823 22.216 22.968 23.172 24.137 23.324 23.082 21.026 24.443 24.485 24.874 21.29 19.444 23.777 34.903 35.561 35.569 36.086 36.78 35.568
38.131 38.161 38.086 38.071 38.031 37.963 37.913 37.826 38.116 37.806 37.691 37.673 37.791 37.578 37.541 37.508 37.563 37.408 37.398 37.338 37.293 37.191 37.183 37.141 37.128 43.503 43.226 42.751 41.733 41.521 41.266 39.991 18.721 18.713 19.211 18.608 18.551 18.511 18.598 26.091 34.393 34.386 34.433 36.303 36.416 35.838 34.253 28.293 24.888 22.333 22.323 22.296 23.409 26.325 25.818 26.01 25.312 25.909 24.262 23.76 21.513 24.578 24.927 26.326 30.067 34.291 34.668 36.546 38.121 38.302 38.32 38.35 35.599
37.498 36.953 36.928 36.898 36.913 36.756 36.796 36.683 38.861 36.691 36.603 36.543 36.568 36.518 36.378 36.438 37.213 36.243 36.746 36.196 36.663 38.206 36.031 35.811 35.623 42.368 41.816 41.708 41.553 41.548 41.716 40.488 18.783 18.583 19.738 18.571 18.608 18.581 18.508 20.458 33.828 33.693 33.253 33.036 33.031 32.948 32.903 31.033 24.831 22.466 22.168 22.158 24.088 25.882 26.729 25.269 25.837 25.288 24.679 24.027 21.916 34.732 35.563 35.535 36.491 35.999 36.053 37.537 38.032 38.327 38.368 38.378 35.765
33.688 33.111 35.278 36.108 37.913 29.181 34.861 25.508 28.093 24.213 25.768 33.933 35.821 27.776 19.641 21.093 20.346 20.991 25.383 22.311 36.913 31.248 23.996 23.521 23.871 39.481 41.793 41.661 40.218 41.596 41.668 40.356 26.043 18.641 19.918 18.581 18.561 18.536 18.488 19.533 31.266 32.898 32.968 33.141 33.073 33.026 33.036 31.388 24.961 24.116 24.783 24.185 24.114 24.687 26.482 25.556 26.163 25.471 25.88 24.033 21.648 32.741 35.577 35.544 36.039 37.549 37.563 37.593 37.813 38.376 38.383 38.375 37
23.063 23.056 23.743 37.998 34.146 23.283 25.383 25.166 23.368 23.383 23.416 31.191 38.258 23.878 23.581 23.636 23.626 23.606 23.608 24.158 37.818 31.991 23.541 23.343 23.391 38.288 38.676 41.753 41.821 41.563 41.521 40.566 32.003 18.586 19.013 18.591 18.511 18.476 18.471 18.571 31.776 33.823 33.353 33.943 32.951 33.061 24.886 24.568 23.546 19.091 18.923 19.112 24.04 24.326 25.462 25.506 25.761 25.491 25.117 22.091 21.961 31.409 35.59 35.548 35.938 35.887 36.262 37.551 37.762 38.328 38.318 38.338 37.44
23.338 23.171 23.916 36.058 35.338 23.738 34.048 27.971 25.231 28.061 33.623 29.426 35.706 30.613 35.543 36.536 32.256 34.058 37.843 35.483 35.836 35.666 35.798 35.838 35.698 38.523 37.438 41.606 39.443 42.991 41.603 43.436 34.981 18.588 19.046 18.773 18.473 18.616 18.333 18.488 29.941 33.096 32.676 32.901 32.588 32.586 32.331 25.443 24.458 19.586 18.583 18.703 23.674 22.332 22.61 25.673 26.362 26.478 21.611 18.753 29.636 35.452 35.635 35.697 35.635 36.059 35.787 35.737 35.986 37.95 37.058 36.802 35.789
36.251 36.353 36.391 36.466 36.501 36.561 36.613 36.681 36.948 36.786 36.813 36.923 36.993 37.113 37.261 37.276 37.366 37.206 35.731 35.843 35.658 35.686 35.686 35.438 35.723 36.206 41.116 41.071 41.063 40.886 40.858 40.678 39.798 18.548 18.608 18.871 18.556 19.493 18.403 18.358 22.218 32.598 32.596 32.591 32.551 28.953 24.188 23.281 22.913 22.486 24.151 24.123 23.804 22.237 28.386 28.621 28.739 28.707 20.142 23.965 32.989 35.602 35.662 35.576 35.554 35.578 35.545 35.578 35.621 35.582 35.549 35.603 35.621
37.568 37.526 38.931 37.528 37.476 37.481 40.193 37.348 37.626 37.273 37.106 37.198 37.091 36.946 37.486 36.911 36.783 37.286 36.436 35.663 35.688 35.673 35.686 35.696 35.736 36.618 39.978 39.946 39.983 39.801 39.793 39.741 30.593 18.523 18.496 18.431 18.403 18.996 18.423 18.311 18.421 32.711 32.678 32.926 32.681 28.248 23.518 23.453 26.198 26.988 22.778 21.476 22.423 20.779 28.936 29.308 29.396 29.491 29.611 29.723 32.478 35.616 35.67 35.601 35.542 35.583 35.564 35.566 35.572 35.595 35.541 35.577 35.578
36.578 36.473 36.421 36.386 36.318 36.196 36.243 36.076 38.598 36.118 35.586 35.846 35.453 33.908 30.228 29.953 28.116 27.236 26.918 21.528 21.968 22.438 18.518 18.486 18.488 18.506 18.516 18.506 18.571 18.543 18.491 18.538 18.528 18.491 18.403 19.616 18.348 18.411 18.341 18.291 18.361 32.703 32.106 27.981 30.293 30.108 30.771 28.041 28.061 28.068 24.456 21.468 29.536 29.771 29.885 29.957 30.077 30.182 30.28 30.327 30.644 35.555 35.567 35.593 35.577 35.56 35.554 35.594 34.152 28.265 34.14 34.337 32.738
21.146 20.256 20.751 19.273 18.518 18.483 18.503 18.496 18.503 18.493 18.493 18.493 18.488 18.473 18.466 18.463 18.453 18.428 18.458 18.448 18.456 18.473 18.596 18.428 18.446 18.448 18.441 18.458 18.458 18.493 18.463 18.478 18.503 18.478 18.456 18.348 18.383 18.378 18.226 18.241 18.303 30.371 30.601 30.566 30.498 30.591 30.636 27.091 25.188 26.266 25.753 26.968 30.726 30.358 30.36 30.216 30.125 30.023 29.862 29.723 29.615 35.609 34.931 31.277 26.176 22.565 19.658 19.533 19.42 19.366 19.407 19.309 19.243
18.456 18.443 18.438 18.458 18.483 18.738 19.831 18.423 18.458 18.451 18.456 18.468 18.481 18.476 18.456 18.448 18.441 18.461 18.483 18.488 18.463 18.496 18.466 18.491 18.493 18.491 18.486 18.493 18.488 19.663 21.778 18.811 21.281 19.393 18.538 18.861 18.291 18.298 18.211 18.238 18.328 30.053 30.848 30.741 31.006 31.501 30.613 27.998 23.693 24.896 27.788 25.526 27.556 29.821 29.718 29.588 29.328 28.906 27.331 22.808 20.281 19.462 19.507 19.548 20.006 22.579 19.861 21.258 19.777 20.277 21.387 23.913 25.814
18.433 18.451 18.503 18.506 18.513 18.511 18.466 18.508 18.531 18.551 20.158 22.398 21.846 22.488 23.486 24.476 27.496 27.686 29.296 32.033 33.216 34.863 35.023 35.011 34.948 35.648 37.183 42.418 39.921 40.063 40.448 40.181 41.051 37.326 18.408 18.701 18.176 18.186 18.273 18.108 18.226 25.203 31.506 31.118 30.498 30.398 30.296 29.678 26.568 24.486 26.301 25.938 26.196 25.418 21.156 19.943 19.223 19.371 19.255 19.352 19.46 19.789 19.685 19.658 20.755 23.789 25.021 25.975 26.007 26.017 26.019 26.372 26.054
32.898 32.613 34.768 36.998 35.088 34.961 36.096 34.961 34.951 35.143 34.918 34.911 35.071 34.843 34.831 34.818 35.051 34.833 34.816 34.828 34.803 34.828 34.803 34.813 34.838 36.938 39.563 40.396 41.691 41.803 41.881 42.046 41.778 39.001 18.393 18.328 18.231 18.178 18.148 18.038 18.076 24.533 30.403 31.196 30.968 30.451 30.193 25.686 21.813 18.743 18.673 19.836 18.868 18.986 19.051 19.343 19.861 18.376 18.568 20.424 24.057 25.285 25.965 26.049 26.043 25.996 25.94 27.018 25.964 27.095 26.287 26.445 27.06
