Examples/app/src/main/assets/data/LIDAR-DSM-2M-TQ38sw/tq3080_DSM_2M.asc
ncols 500
nrows 500
xllcorner    530000
yllcorner    180000
cellsize     2
NODATA_value -9999
[rows 320 to 351 of 500, columns 365 to 437 of 500]
3.089 1.386 0.099 -0.61 -0.574 -0.573 -0.436 -0.364 -0.333 -0.34 -0.305 -0.186 -0.166 -0.394 -0.52 -0.355 -0.56 -0.507 -0.605 -0.682 -0.746 -0.743 -0.902 -0.94 -0.925 -0.843 -0.766 -0.634 -0.516 -0.366 -0.201 -0.046 0.079 0.231 4.789 5.303 5.298 5.288 5.281 5.236 5.226 5.173 5.128 5.116 5.093 5.103 5.131 5.226 5.208 5.428 8.526 7.223 6.958 6.998 6.268 5.173 5.281 5.293 7.523 8.208 8.643 8.631 8.538 5.936 6.376 5.173 5.243 5.206 5.241 14.866 14.588 14.536 14.596
1.049 0.158 -0.507 -0.482 -0.606 -0.544 -0.416 -0.406 -0.276 -0.349 -0.151 -0.189 -0.244 -0.245 -0.311 -0.356 -0.5 -0.434 -0.5 -0.686 -0.695 -0.764 -0.731 -0.706 -0.655 -0.601 -0.531 -0.389 -0.261 -0.126 0.019 0.154 0.521 5.104 5.289 5.271 5.233 5.218 5.256 5.186 5.183 5.151 5.103 5.086 5.078 5.121 5.141 5.191 8.393 8.668 8.608 7.768 7.211 5.301 6.576 8.461 8.853 10.146 11.038 10.996 9.276 8.621 8.651 8.671 5.783 5.166 5.211 5.261 5.301 14.088 14.628 14.571 14.453
0.296 -0.35 -0.482 -0.634 -0.559 -0.574 -0.458 -0.46 -0.418 -0.132 -0.265 -0.146 -0.192 -0.229 -0.27 -0.282 -0.492 -0.509 -0.603 -0.688 -0.605 -0.579 -0.593 -0.544 -0.45 -0.38 -0.296 -0.164 -0.016 0.156 0.239 0.631 5.299 5.356 5.304 5.218 5.228 5.136 5.203 5.178 5.158 5.131 5.118 5.106 5.181 5.108 7.871 8.738 8.613 8.818 8.688 8.316 8.546 8.876 8.991 10.323 11.946 10.286 9.708 8.613 8.471 8.588 8.796 9.353 8.868 6.103 5.148 5.101 5.913 14.678 14.926 14.588 14.498
-0.73 -0.732 -0.686 -0.703 -0.522 -0.58 -0.379 -0.347 -0.34 -0.302 -0.258 -0.257 -0.163 -0.267 -0.349 -0.348 -0.462 -0.504 -0.549 -0.536 -0.444 -0.441 -0.421 -0.352 -0.264 -0.17 -0.064 0.059 0.144 0.351 0.944 5.399 5.364 5.321 5.294 5.218 5.193 5.158 5.138 5.133 5.136 5.158 5.091 5.128 5.971 8.743 8.661 8.738 8.638 8.681 8.616 8.738 8.836 12.281 12.476 12.391 10.463 8.581 8.538 8.508 8.503 8.528 8.728 10.768 10.988 8.978 5.181 5.643 5.216 14.133 13.603 14.653 14.463
-0.752 -0.754 -0.762 -0.683 -0.665 -0.585 -0.561 -0.425 -0.376 -0.436 -0.289 -0.304 -0.301 -0.35 -0.317 -0.402 -0.358 -0.468 -0.426 -0.326 -0.325 -0.299 -0.248 -0.163 -0.056 0.082 0.204 0.334 0.539 0.969 5.489 5.379 5.326 5.226 5.319 5.296 5.178 5.118 5.053 5.101 5.138 5.108 5.683 8.773 8.626 8.946 8.933 8.613 8.648 8.631 8.606 8.646 8.576 9.831 8.488 8.506 8.513 8.513 8.536 8.493 8.531 8.498 8.611 8.553 10.713 11.066 8.503 5.348 5.431 11.966 12.523 13.321 14.463
0.252 -0.681 -0.704 -0.671 -0.672 -0.55 -0.462 -0.43 -0.345 -0.388 -0.436 -0.369 -0.328 -0.454 -0.365 -0.321 -0.368 -0.343 -0.293 -0.235 -0.167 -0.11 -0.03 0.09 0.218 0.39 0.449 0.559 1.331 6.534 5.349 5.276 5.274 5.239 5.156 5.196 5.163 5.123 5.093 5.123 4.811 4.246 8.601 8.586 8.583 8.863 9.103 8.621 8.603 8.768 8.618 8.496 8.528 8.518 8.533 8.483 8.511 8.523 8.536 8.538 8.581 8.603 8.768 9.343 8.608 8.816 9.958 5.198 6.823 6.771 15.141 11.768 14.706
2.968 0.862 -0.556 -0.555 -0.583 -0.606 -0.574 -0.486 -0.553 -0.412 -0.416 -0.399 -0.29 -0.402 -0.326 -0.215 -0.242 -0.208 -0.175 -0.073 0.012 0.136 0.309 0.371 0.538 0.645 0.741 1.484 5.334 5.284 5.274 5.306 5.221 5.204 5.176 5.163 5.141 5.108 5.126 4.971 4.166 8.601 8.628 8.598 8.633 8.891 8.871 8.688 8.648 8.616 8.551 8.486 8.501 8.548 8.493 8.511 8.538 9.038 9.473 11.263 12.293 12.388 12.386 11.478 8.986 9.541 9.836 10.146 6.633 7.181 8.678 10.801 11.316
2.704 3.481 2.482 -0.622 -0.587 -0.521 -0.59 -0.53 -0.545 -0.443 -0.445 -0.417 -0.277 -0.3 -0.244 -0.262 -0.153 -0.033 0.063 0.171 0.297 0.442 0.587 0.706 0.788 0.895 1.259 5.531 5.299 5.264 5.929 5.284 5.209 5.179 5.141 5.131 5.138 5.141 5.078 4.991 8.626 8.566 8.558 8.588 8.738 6.431 4.053 4.818 8.296 8.621 8.763 8.471 8.506 8.501 8.578 9.986 15.258 15.296 16.343 17.793 19.463 21.161 12.326 12.631 14.471 13.561 10.136 9.798 10.773 7.168 8.628 10.368 9.638
-0.51 2.824 3.921 2.633 -0.615 -0.47 -0.492 -0.499 -0.443 -0.436 -0.431 -0.384 -0.289 -0.247 -0.215 -0.093 0.053 0.174 0.299 0.459 0.611 0.737 0.875 0.965 1.057 1.524 5.694 5.296 5.261 5.261 5.271 5.214 5.189 5.131 5.099 5.101 5.118 5.111 5.483 8.608 8.626 8.601 8.628 9.363 9.001 7.391 8.701 7.231 6.201 9.251 8.646 8.551 8.511 10.996 18.368 23.106 23.226 23.191 23.116 23.073 23.091 23.106 15.366 15.353 15.378 15.378 10.788 9.801 9.823 9.361 9.713 9.616 9.703
-0.504 -0.34 1.758 4.424 3.646 -0.115 -0.399 -0.491 -0.307 -0.409 -0.259 -0.261 -0.264 -0.142 -0.015 0.119 0.267 0.386 0.563 0.729 0.904 1.024 1.12 1.197 1.632 5.601 5.264 5.239 5.234 5.234 5.246 5.216 5.151 5.106 5.069 5.033 5.031 5.146 9.171 8.603 8.476 8.581 8.748 12.078 12.063 12.093 12.113 11.273 10.326 11.126 21.896 23.273 23.291 23.316 23.228 23.263 23.203 23.161 23.171 23.111 23.078 23.061 22.426 15.341 15.321 15.321 15.036 9.843 9.843 10.018 8.218 9.711 9.863
-0.274 -0.362 -0.306 1.251 4.583 4.384 -0.197 -0.336 -0.339 -0.362 -0.358 -0.236 -0.206 -0.033 0.126 0.288 0.456 0.621 0.805 0.982 1.169 1.249 1.344 1.866 5.449 5.254 5.221 5.476 5.179 5.184 5.146 5.141 5.094 5.084 5.084 5.011 5.618 9.161 8.603 8.633 9.003 13.736 10.366 12.046 12.031 12.076 11.831 11.968 27.158 24.533 23.216 23.266 23.286 23.301 23.286 23.253 23.221 23.181 23.143 23.133 23.101 23.071 23.078 16.073 15.333 15.313 15.298 11.336 10.458 9.828 9.861 9.816 9.823
-0.428 -0.374 -0.225 -0.176 1.423 5.27 4.558 0.979 -0.27 -0.436 -0.302 -0.189 -0.05 0.099 0.285 0.457 0.661 0.861 1.011 1.19 1.352 1.468 1.562 3.121 5.399 5.289 5.254 5.261 5.196 5.099 5.114 5.099 5.086 5.059 5.046 5.303 9.118 8.646 8.911 8.593 14.516 14.586 14.003 12.051 12.056 11.796 4.121 17.648 27.028 27.326 23.243 23.266 23.266 23.278 23.293 23.258 23.236 23.236 23.141 23.101 23.126 23.108 23.053 23.133 15.323 15.333 15.336 15.418 9.901 10.191 9.848 9.778 9.806
-0.154 -0.385 -0.249 -0.306 -0.341 0.871 4.854 5.629 2.777 -0.379 -0.207 -0.134 0.067 0.259 0.438 0.609 0.814 0.99 1.168 1.399 1.536 1.623 1.79 1.931 3.166 5.341 5.281 5.236 5.179 5.114 5.076 5.056 4.951 5.034 5.844 8.948 8.651 8.983 8.563 14.908 14.666 14.626 14.586 12.088 12.083 3.931 8.311 23.271 28.788 30.016 26.651 23.326 23.193 23.323 23.311 23.293 23.241 23.226 23.188 23.163 23.173 23.131 23.106 23.063 16.241 15.301 15.261 15.271 10.518 10.381 10.111 9.768 9.843
-0.258 -0.259 -0.077 -0.194 -0.185 -0.194 0.426 4.448 5.759 4.02 -0.127 -0.001 0.198 0.406 0.599 0.756 0.962 1.146 1.354 1.519 1.679 1.815 1.951 2.434 5.394 5.284 5.249 5.194 5.131 5.094 5.046 5.016 5.026 6.006 9.001 8.666 9.013 8.593 13.468 14.653 14.658 14.623 14.623 15.723 11.943 6.918 23.081 23.113 23.533 30.048 27.413 23.291 23.206 23.308 23.318 23.306 23.258 23.228 23.233 23.173 23.178 23.146 23.106 23.113 20.471 15.293 15.288 11.258 10.301 10.313 10.356 9.898 9.816
-0.236 -0.388 -0.299 -0.111 -0.026 -0.119 -0.294 -0.276 4.302 6.334 6.495 5.146 0.408 0.523 0.723 0.921 1.087 1.298 1.475 1.629 2.664 2.056 2.281 5.494 5.276 5.231 5.209 5.174 5.131 5.081 5.034 4.974 6.226 9.069 8.614 9.003 8.853 11.418 14.603 14.758 14.628 14.648 15.321 17.238 6.813 23.028 23.101 23.091 23.123 25.853 27.008 26.736 23.261 23.208 23.268 23.278 23.276 23.273 23.251 23.223 23.188 23.148 23.081 23.088 23.078 15.313 11.533 10.328 10.303 10.323 10.336 10.221 9.871
-0.315 -0.184 0.039 -0.079 -0.161 -0.053 -0.289 -0.147 -0.177 6.787 7.086 9.074 5.865 0.694 0.837 1.02 1.208 1.39 1.536 3.34 2.791 2.656 5.531 5.261 5.239 5.214 5.174 5.149 5.109 5.069 5.014 5.774 9.064 8.614 9.056 8.723 8.641 14.603 14.761 14.611 14.606 14.623 16.903 13.476 4.586 22.986 23.061 23.053 23.086 23.086 26.946 26.956 23.923 23.233 23.266 23.278 23.308 23.261 23.271 23.201 23.196 23.118 23.126 23.136 23.098 19.696 10.336 10.306 10.321 10.343 10.346 10.313 9.908
-0.196 -0.041 -0.154 -0.084 -0.236 -0.318 -0.293 -0.276 -0.252 3.049 8.441 6.847 5.74 6.787 1.127 1.139 1.293 1.443 4.589 3.954 3.277 5.274 5.309 5.246 5.186 5.156 5.121 5.114 5.079 5.049 5.531 9.106 8.654 9.126 8.784 9.016 14.693 14.636 14.606 14.626 14.613 15.491 17.326 3.898 6.468 20.278 23.138 23.023 23.078 23.048 25.621 25.411 23.266 23.178 23.228 23.253 23.266 23.263 23.226 23.186 23.171 23.203 23.128 23.118 23.106 19.968 18.111 10.488 10.321 10.313 10.311 10.283 10.328
-0.174 -0.079 -0.156 -0.321 -0.165 -0.266 -0.253 -0.209 -0.139 -0.189 1.282 6.719 7.419 5.946 6.301 1.845 1.346 4.403 5.387 4.679 5.053 5.306 5.251 5.184 5.154 5.124 5.096 5.051 5.044 5.879 9.076 8.624 9.191 8.774 8.546 14.491 14.708 14.641 14.618 14.598 14.658 17.063 12.221 3.893 9.493 20.206 21.956 23.058 23.073 23.053 23.131 23.241 24.156 23.191 23.231 23.286 23.278 23.268 23.261 23.281 23.208 23.176 23.126 23.186 17.701 18.138 18.113 17.473 10.373 10.288 10.313 10.321 10.361
-0.169 -0.109 -0.161 -0.122 -0.292 -0.345 -0.285 -0.289 -0.211 -0.048 0.106 0.639 7.409 5.667 7.821 7.419 3.802 5.417 5.368 6.294 5.337 5.251 5.231 5.194 5.161 5.106 5.074 5.026 6.029 9.044 8.561 9.139 8.831 8.594 12.529 14.631 14.603 14.608 14.596 14.543 15.871 17.451 5.263 5.208 13.393 20.176 20.203 23.143 23.093 23.076 23.106 23.101 24.021 23.706 23.208 23.231 23.281 23.278 23.246 23.243 23.311 23.196 23.161 17.351 16.203 17.396 17.916 12.196 10.343 10.303 10.311 10.338 10.446
-0.269 -0.136 -0.094 -0.214 -0.225 -0.106 -0.161 -0.214 -0.164 -0.054 0.18 0.417 0.647 5.912 5.509 7.681 6.743 5.39 5.354 5.393 5.281 5.264 5.226 5.186 5.119 5.094 5.056 5.289 9.096 8.611 9.081 8.686 8.586 9.619 14.606 14.733 14.581 14.603 14.616 14.643 17.053 12.276 5.321 5.313 5.593 19.068 20.381 22.183 23.311 23.051 23.091 23.096 23.138 24.181 23.163 23.213 23.236 23.268 23.278 23.296 23.243 23.238 19.376 16.151 16.206 18.001 22.401 25.471 10.333 10.326 10.301 10.408 9.853
-0.089 -0.341 -0.162 -0.329 -0.284 -0.296 -0.322 -0.179 -0.186 0.024 0.252 0.503 0.722 0.934 6.274 6.965 5.391 5.366 5.329 5.294 5.254 5.214 5.209 5.171 5.179 5.221 5.154 8.626 8.609 8.611 8.566 8.556 9.664 14.621 14.581 14.613 14.608 14.591 14.801 14.798 15.646 17.298 5.326 5.261 5.213 8.928 20.163 20.191 22.801 23.001 23.016 23.088 23.161 23.891 24.088 23.191 23.236 23.278 23.436 23.396 23.273 20.783 16.133 17.891 20.453 28.271 25.661 25.393 22.741 10.341 10.166 9.921 8.108
-0.156 -0.211 -0.37 -0.264 -0.269 -0.335 -0.239 -0.205 -0.094 0.128 0.338 0.562 0.816 1.052 5.544 5.347 5.38 5.336 5.296 5.249 5.241 5.231 5.204 5.336 5.039 5.681 8.974 8.564 8.619 8.616 8.604 8.781 14.576 14.844 14.599 14.568 14.583 14.756 14.921 14.826 14.748 17.013 11.863 5.278 5.231 5.191 18.201 20.161 20.428 23.513 23.093 23.086 23.113 23.958 23.253 23.238 23.236 23.298 23.261 23.498 18.201 18.908 28.543 28.233 25.456 27.106 27.861 25.441 25.508 13.738 9.986 5.228 4.528
-0.054 -0.182 -0.226 -0.3 -0.295 -0.248 -0.248 -0.18 -0.02 0.205 0.423 0.633 0.897 5.829 5.403 5.368 5.374 5.341 5.284 5.234 5.229 5.196 5.209 5.266 4.824 9.176 8.676 8.649 10.341 8.644 9.281 14.301 14.584 14.571 14.576 14.556 14.591 14.888 15.618 14.911 14.791 15.071 17.308 7.101 5.291 5.233 7.123 20.196 20.208 22.751 23.041 23.091 23.048 24.143 23.303 23.193 23.153 23.251 23.298 18.526 19.303 23.643 28.191 28.041 27.573 25.443 25.398 25.448 25.473 22.296 4.051 4.031 8.303
-0.184 -0.212 -0.139 -0.287 -0.314 -0.275 -0.196 -0.113 0.098 0.3 0.506 0.727 3.665 4.49 5.16 6.426 5.338 5.28 5.279 5.219 5.206 5.249 5.201 5.139 5.919 8.626 8.601 9.706 8.581 8.619 13.991 14.669 14.526 14.496 14.501 14.513 14.546 14.938 15.213 14.943 14.843 14.743 16.786 15.046 5.308 5.261 5.176 14.436 20.141 21.913 23.021 23.053 23.083 23.491 24.091 23.166 23.193 23.223 17.076 21.388 28.103 25.451 27.138 27.586 25.913 25.461 25.456 25.446 25.478 25.501 12.626 4.018 6.916
-0.202 -0.337 -0.248 -0.314 -0.348 -0.261 -0.161 -0.019 0.195 0.377 0.597 1.942 3.021 3.644 5.441 5.537 5.363 5.281 5.266 5.216 5.219 5.211 4.859 5.014 7.629 8.929 8.609 8.516 8.626 11.726 14.541 14.746 14.564 14.449 14.484 14.468 14.488 14.606 14.906 14.851 14.856 14.848 14.828 17.181 10.128 5.251 6.308 5.176 19.961 22.116 22.581 23.073 23.061 23.066 24.023 24.043 23.201 24.906 28.208 28.041 28.031 28.251 25.501 26.218 25.426 25.401 25.453 25.448 25.471 25.498 7.681 4.001 4.011
-0.259 -0.25 -0.3 -0.311 -0.214 -0.197 -0.089 0.069 0.277 0.48 1.177 2.406 2.782 4.537 5.436 5.405 5.301 5.254 5.256 5.246 5.296 4.906 4.694 4.576 8.766 8.521 8.599 8.576 9.201 14.499 15.716 14.446 14.464 14.766 14.871 14.911 14.878 14.481 14.488 14.786 14.758 14.768 14.711 15.998 17.386 5.298 5.261 5.263 9.033 16.021 16.726 23.048 23.033 18.963 8.648 9.781 19.456 28.041 28.031 28.026 28.101 28.113 25.851 25.426 25.448 25.463 25.466 25.466 25.463 25.438 16.968 3.956 4.003
-0.193 -0.357 -0.377 -0.298 -0.238 -0.209 -0.015 0.172 0.368 0.6 1.047 1.617 3.593 5.67 5.486 5.285 5.321 5.294 5.276 5.299 5.016 4.749 4.216 4.404 8.604 8.791 8.559 10.331 13.194 14.649 14.499 14.564 14.766 14.749 14.541 14.421 14.491 14.471 14.478 14.598 14.768 14.756 14.778 14.751 17.046 13.973 5.276 5.258 8.418 8.058 3.938 13.088 22.643 8.556 5.313 4.016 19.488 27.003 28.043 28.036 28.063 28.086 28.163 25.506 25.426 25.461 25.466 25.478 25.416 25.413 21.336 3.991 3.996
-0.384 -0.276 -0.306 -0.325 -0.255 -0.14 0.053 0.267 0.489 0.679 0.964 2.298 5.729 5.412 5.308 5.346 5.326 5.329 5.314 5.094 4.804 4.264 4.116 4.321 8.589 8.594 9.366 14.474 12.334 12.024 13.526 14.554 14.636 14.479 14.476 16.898 14.916 14.456 14.491 14.468 14.563 14.886 14.861 14.788 15.351 17.268 11.463 10.816 11.938 11.626 9.268 10.048 9.388 8.973 10.813 24.858 21.236 22.848 28.076 28.031 28.126 28.096 28.188 26.368 25.461 25.438 25.448 25.468 25.416 25.458 25.401 19.561 3.986
-0.379 -0.451 -0.367 -0.308 -0.254 -0.053 0.119 0.361 3.634 0.825 1.293 5.931 5.652 5.339 5.289 5.321 5.374 5.396 5.246 4.784 4.299 4.131 4.209 4.219 8.619 8.579 8.594 13.879 12.909 10.866 11.971 11.931 14.644 14.629 17.231 16.726 16.906 16.336 14.493 14.553 14.528 14.731 14.748 14.783 14.746 16.421 16.986 16.996 16.996 16.956 17.008 17.011 16.953 16.986 18.896 19.248 15.196 14.831 26.628 28.048 28.086 27.956 25.468 25.458 25.438 25.438 25.413 25.403 22.991 24.091 24.723 19.646 3.926
-0.442 -0.358 -0.343 -0.289 -0.209 0.019 0.201 2.422 5.561 4.683 5.474 5.543 5.392 5.329 5.276 5.334 5.334 5.309 4.799 4.401 4.209 4.156 4.124 6.154 8.984 8.751 8.614 11.666 13.019 8.556 11.949 11.919 11.946 15.109 18.484 19.301 17.048 16.888 16.991 14.848 14.876 14.493 14.593 14.628 14.706 14.746 14.786 14.681 14.703 14.708 14.708 14.711 14.746 14.743 14.576 15.131 14.963 14.898 14.478 28.271 25.681 25.458 25.423 25.418 25.393 25.403 25.338 22.866 25.213 22.683 19.933 10.353 5.533
-0.425 -0.387 -0.371 -0.223 -0.131 0.094 0.984 5.563 5.299 5.614 5.405 5.527 5.341 5.322 5.329 5.389 5.314 4.849 4.529 4.114 4.189 4.134 4.179 7.204 8.549 8.614 8.574 8.571 8.681 8.826 11.784 12.084 12.031 16.371 17.294 18.111 18.939 18.906 16.699 16.914 15.411 14.446 14.761 14.879 14.456 14.569 14.741 14.719 14.551 14.494 14.546 14.644 14.691 14.641 14.769 16.461 15.189 15.144 14.584 21.644 25.434 25.434 25.396 25.371 23.896 20.686 25.386 23.506 21.146 19.589 8.899 7.796 9.799
-0.392 -0.384 -0.312 -0.2 -0.011 0.31 5.165 5.293 5.536 5.883 5.577 5.337 5.339 5.316 5.321 5.341 4.859 4.619 4.191 4.106 4.146 4.091 4.166 8.264 8.571 8.571 8.581 8.574 8.609 8.536 8.576 8.586 8.539 9.134 15.974 16.921 17.764 18.571 19.404 17.354 14.476 15.001 14.469 14.806 14.484 14.594 14.674 14.676 14.569 14.514 14.536 14.536 14.484 15.216 14.941 15.349 15.951 14.764 15.684 12.794 23.851 25.384 25.401 25.341 24.319 24.981 21.066 19.691 10.389 7.811 9.431 9.806 9.809
