Examples/app/src/main/assets/data/LIDAR-DSM-2M-TQ38sw/tq3080_DSM_2M.asc
ncols 500
nrows 500
xllcorner    530000
yllcorner    180000
cellsize     2
NODATA_value -9999
[rows 256 to 287 of 500, columns 219 to 291 of 500]
4.916 4.913 4.906 4.906 4.816 4.818 4.956 5.473 5.633 5.931 5.303 5.376 6.488 10.618 7.051 5.278 5.241 7.946 8.141 8.291 5.818 4.941 4.741 4.473 4.471 4.48 4.316 4.356 4.415 4.487 4.498 4.67 4.585 4.483 4.482 4.444 4.765 4.531 4.54 4.593 4.657 4.105 2.664 2.615 2.521 2.753 3.044 2.742 2.582 2.483 3.096 2.979 -0.086 -0.076 -0.13 1.171 -0.229 -0.27 0.847 0.734 0.418 -0.478 -0.581 -0.77 -0.932 -1.018 -1.154 -1.149 -1.234 -1.395 -1.334 -1.355 -1.508
4.878 4.906 4.908 4.891 4.826 4.793 5.361 5.983 6.698 10.031 5.641 7.551 9.431 10.456 7.958 5.326 7.073 8.078 8.243 8.383 5.298 5.398 4.753 4.463 4.407 4.311 4.273 4.378 4.472 4.512 4.574 4.695 4.522 4.482 4.452 4.592 4.816 4.939 4.596 4.597 6.827 2.755 2.728 2.622 2.525 2.712 2.774 2.694 2.533 4.154 4.244 3.295 2.659 1.601 1.253 -0.237 -0.22 0.027 0.945 1.385 0.876 0.566 -0.63 -0.771 -0.941 -1.137 -1.103 -1.159 -1.119 -1.396 -1.344 -1.436 -1.511
4.906 4.856 4.876 4.916 4.793 4.796 6.156 6.361 11.833 12.098 6.351 6.593 8.281 17.061 8.738 5.281 7.991 8.153 8.318 6.498 6.051 7.061 5.076 4.478 4.38 4.287 4.371 4.449 4.503 4.502 4.699 4.541 4.49 4.453 4.449 4.651 4.515 4.568 4.582 4.629 3.282 2.931 2.976 2.78 2.572 2.553 2.63 2.531 2.547 3.582 1.698 3.621 3.139 1.796 1.193 -0.288 -0.083 0.967 1.836 2.166 1.573 0.63 -0.551 -0.879 -1.05 -1.027 -1.165 -1.198 -1.399 -1.47 -1.482 -1.346 -1.351
4.906 4.926 4.881 4.808 4.736 5.053 5.761 6.833 5.753 7.431 6.601 14.636 9.181 8.238 5.308 7.533 8.091 8.256 8.251 5.326 7.116 6.993 4.471 4.529 4.362 4.327 4.373 4.469 4.508 4.612 4.65 4.487 4.443 4.419 4.441 4.4 4.568 4.592 4.663 4.437 2.766 2.754 3.044 2.823 2.62 2.47 2.39 2.348 3.952 2.075 1.514 2.395 2.779 2.314 2.308 0.995 1.512 1.765 2.48 2.162 1.867 0.652 -0.778 -1.008 -1.125 -1.117 -1.191 -1.161 -1.195 -1.35 -1.589 -1.514 -1.329
4.891 4.896 5.006 4.801 4.746 6.818 6.778 7.736 5.593 6.056 12.298 9.643 6.191 6.561 5.571 8.003 8.206 8.351 6.071 6.763 6.906 4.523 4.487 4.486 5.036 4.352 4.473 4.459 4.483 4.656 4.564 4.463 4.43 4.379 4.868 4.473 4.581 4.584 4.883 2.908 2.989 2.768 2.775 2.743 2.537 2.3 2.195 3.553 -0.013 -0.205 1.242 3.692 3.098 3.144 1.828 1.954 1.86 2.783 2.518 2.277 1.587 -0.761 -0.929 -0.948 -1.033 -1.212 -1.283 -1.309 -1.284 -1.597 -1.554 -1.414 -1.434
4.906 4.921 4.931 4.788 4.873 5.811 5.651 8.378 6.143 6.168 8.703 5.721 6.728 5.258 7.993 8.113 9.636 9.198 5.276 6.051 5.648 4.508 4.478 5.274 5.359 4.412 4.458 4.536 4.61 4.564 4.487 4.47 4.453 4.895 4.902 4.528 4.569 4.651 3.69 2.984 2.959 2.75 2.643 2.624 2.397 2.333 2.406 -0.039 -0.137 0.423 4.138 3.215 2.91 2.846 1.893 2.136 1.99 2.857 2.016 2.218 -0.713 -0.885 -1.03 -1.111 -1.264 -1.199 -1.145 -1.416 -1.52 -1.554 -1.596 -1.446 -1.546
4.896 4.908 4.833 4.786 5.081 5.278 5.408 5.588 6.351 6.113 6.293 7.428 5.401 6.513 8.018 8.191 12.591 10.791 11.466 4.968 4.498 4.491 4.453 5.588 4.428 4.453 4.483 4.553 4.712 4.496 4.436 4.439 4.49 4.54 4.842 4.55 4.594 5.032 2.788 2.959 2.874 2.763 2.593 -0.081 -0.064 -0.146 -0.16 -0.096 -0.103 1.61 3.323 3.082 2.737 2.035 2.349 2.29 1.555 1.612 2.076 -0.296 -0.932 -0.878 -1.133 -0.992 -1.168 -1.207 -1.191 -1.405 -1.441 -1.446 -1.441 -1.551 -1.346
4.943 5.038 4.848 4.796 5.146 5.328 5.451 7.763 6.231 7.301 6.603 6.028 5.351 7.931 8.121 8.276 11.366 9.743 10.566 4.616 4.531 4.472 4.662 4.429 4.44 4.449 4.536 4.656 4.561 4.491 4.427 4.402 6.034 4.899 4.601 4.61 4.708 3.259 2.805 2.789 2.705 2.517 2.411 2.296 -0.024 3.041 -0.202 -0.125 0.947 3.293 2.996 2.83 2.317 2.528 2.258 1.855 1.292 2.198 0.702 -0.663 -0.815 -1.099 -1.081 -1.112 -1.235 -1.17 -1.472 -1.51 -1.261 -1.376 -1.531 -1.201 -1.249
4.908 4.831 4.828 4.986 5.246 5.381 6.536 6.698 6.456 6.643 5.773 5.266 6.486 8.038 8.203 8.783 7.991 7.758 10.168 4.538 4.53 4.491 5.502 4.35 4.427 4.507 4.557 4.662 4.5 4.448 4.382 4.59 4.472 4.962 4.582 4.612 5.058 2.435 2.465 2.597 2.519 2.411 2.283 2.148 2.607 -0.049 -0.149 0.114 3.394 2.795 2.933 2.463 2.461 2.548 1.748 1.179 2.32 1.64 -0.519 -1.026 -0.951 -1.157 -1.165 -1.251 -1.21 -1.338 -1.446 -1.601 -1.271 -1.404 -1.301 -1.304 -1.424
5.028 4.811 4.926 5.143 5.293 5.498 7.528 7.126 6.311 5.368 5.306 5.601 8.676 7.763 9.273 9.743 11.293 8.136 8.361 4.486 4.5 4.797 4.492 4.415 4.47 4.542 4.714 4.529 4.451 4.427 4.371 5.088 4.515 4.572 4.595 4.864 2.667 2.251 2.299 2.322 2.409 2.309 2.131 1.986 3.153 0.034 -0.219 1.26 3.325 2.617 2.606 2.023 2.362 3.33 2.501 3.029 2.555 -0.358 -0.945 -0.954 -1.032 -1.11 -1.217 -1.375 -1.314 -1.449 -1.239 -1.421 -1.591 -1.411 -1.436 -1.134 -1.441
4.811 4.823 4.936 5.203 5.328 7.316 6.306 7.428 5.348 5.133 5.123 7.713 9.823 9.753 9.038 9.096 7.493 8.443 4.501 6.375 4.415 4.275 4.412 4.428 4.507 4.61 4.633 4.477 4.456 4.424 4.422 4.516 4.541 4.585 4.617 4.675 1.975 2.057 2.16 2.188 2.114 2.091 2.014 2.656 1.523 1.095 1.955 3.755 3.751 3.561 1.985 1.881 2.304 2.916 3.057 3.016 -0.126 -1.079 -0.978 -1.008 -1.048 -1.149 -1.153 -1.38 -1.578 -1.189 -1.254 -1.471 -1.279 -1.214 -1.346 -1.429 -1.394
4.816 4.888 5.078 5.268 5.406 7.346 6.626 6.053 5.008 5.031 5.318 9.158 9.843 9.901 8.336 6.346 9.126 7.578 6.236 4.506 4.348 4.38 4.431 4.447 4.527 4.695 4.504 4.445 4.424 4.369 4.373 4.527 4.563 4.58 4.908 1.944 1.799 1.914 1.959 1.957 2.004 1.868 1.853 2.993 1.823 1.221 2.964 2.871 2.947 2.037 1 0.804 1.457 2.176 2.567 -0.12 -0.933 -1.113 -1.148 -1.206 -1.097 -1.137 -1.383 -1.503 -1.366 -1.349 -1.646 -1.564 -1.514 -1.296 -1.601 -1.251 -1.369
4.843 4.928 5.201 5.341 6.881 5.053 7.063 5.216 4.918 4.966 7.926 9.848 9.828 9.296 6.133 6.548 7.248 4.576 4.448 4.453 4.362 4.385 4.47 4.429 4.649 4.623 4.496 4.488 4.404 4.385 4.413 4.516 4.555 4.6 3.562 1.535 1.563 1.735 1.806 1.795 1.785 1.719 1.743 2.246 2.137 1.853 3.319 2.36 2.215 1.486 0.557 0.428 0.274 0.505 0.286 -0.73 -1.228 -1.091 -1.369 -1.148 -1.249 -1.458 -1.353 -1.316 -1.496 -1.049 -1.524 -1.351 -1.284 -1.264 -1.251 -1.474 -1.444
4.883 4.976 5.266 5.431 6.646 3.131 1.691 4.776 4.881 5.191 9.216 9.813 9.843 7.781 6.943 7.478 4.738 4.443 4.448 4.292 4.336 4.375 4.427 4.504 4.678 4.482 4.46 4.438 4.414 4.643 4.516 4.547 4.57 5.004 1.427 1.383 1.455 1.535 1.546 1.592 1.613 1.585 1.476 1.326 1.929 2.533 2.903 2.306 1.804 0.479 0.067 -0.089 -0.358 -0.671 -0.661 -0.848 -1.181 -1.263 -1.32 -1.232 -1.369 -1.304 -1.291 -1.466 -1.284 -1.481 -1.251 -1.389 -1.204 -1.231 -1.406 -1.356 -1.241
4.896 5.078 5.313 6.731 6.216 7.061 5.876 4.741 4.741 7.843 9.888 9.928 9.381 5.278 6.171 5.621 4.516 4.446 4.353 4.324 4.416 4.455 4.518 4.636 4.574 4.47 4.421 5.501 5.66 4.772 4.677 4.553 4.634 2.822 1.175 1.184 1.315 -0.074 1.316 1.324 -0.151 1.328 1.297 1.222 1.834 2.378 2.751 1.927 1.076 1.518 0.885 -0.149 -0.675 -0.676 -0.757 -0.878 -1.053 -1.29 -1.323 -1.149 -1.301 -1.269 -1.349 -1.479 -1.284 -1.449 -1.186 -1.299 -1.326 -1.546 -1.406 -1.424 -1.291
4.921 5.278 5.381 7.173 1.963 6.366 4.653 4.653 5.331 9.213 9.841 9.923 8.256 5.563 4.571 4.516 4.463 4.407 4.302 4.343 4.492 4.522 4.511 4.662 4.469 4.424 4.817 7.906 5.069 5.485 4.55 4.575 4.797 1.249 0.952 1.001 -0.039 -0.011 1.197 1.092 -0.17 -0.152 -0.127 0.956 1.448 1.685 1.741 1.586 1.88 1.015 0.704 0.655 0.297 -1.036 -0.692 -0.871 -0.92 -1.215 -0.989 -1.311 -1.301 -1.336 -1.386 -1.336 -1.326 -1.481 -1.394 -1.266 -1.361 -1.434 -1.334 -1.246 -1.184
4.988 5.333 6.911 4.068 2.393 6.098 4.528 4.588 8.031 9.846 9.933 9.288 5.521 4.681 4.533 4.513 4.461 4.34 4.301 4.415 4.463 4.474 4.611 4.532 4.425 4.409 6.303 5.263 4.89 4.633 4.796 4.646 3.017 3.073 0.701 0.823 0.916 0.928 0.882 -0.018 -0.045 0.918 -0.095 -0.123 0.72 0.872 1.332 1.073 2.382 2.132 1.278 0.277 -0.331 -0.882 -0.798 -1.06 -0.89 -1.036 -1.249 -1.296 -1.349 -1.359 -1.301 -1.364 -1.404 -1.261 -1.256 -1.359 -1.471 -1.594 -1.204 -1.244 -1.321
5.153 5.488 6.551 1.606 0.811 4.626 4.523 5.446 9.298 9.863 9.856 7.668 6.043 5.701 4.571 4.523 4.448 4.285 4.334 4.429 4.49 4.548 4.663 4.492 4.378 4.358 5.246 4.391 6.282 4.545 4.589 4.893 13.439 0.491 0.613 0.728 0.673 -0.034 -0.001 -0.187 -0.031 -0.17 -0.166 -0.113 -0.034 1.492 1.033 2.006 2.386 2.151 1.749 1.151 -0.74 -0.723 -0.68 -1.131 -0.972 -0.987 -1.213 -1.136 -1.311 -1.386 -1.344 -1.351 -1.214 -1.371 -1.389 -1.384 -1.351 -1.491 -1.286 -1.329 -1.321
5.241 6.883 5.253 4.481 5.831 4.518 4.426 8.213 9.841 9.876 9.241 5.391 4.998 4.913 4.621 4.517 4.344 4.324 4.356 4.502 4.494 4.678 4.537 4.48 4.438 5.253 6.33 5.146 4.757 4.552 4.683 6.456 1.695 0.321 0.413 0.503 -0.016 0.026 -0.076 -0.06 -0.067 -0.083 -0.141 -0.029 -0.024 0.23 0.948 2.666 2.515 2.15 1.679 0.307 -0.706 -0.929 -0.75 -1.1 -1.2 -1.068 -1.225 -1.246 -1.311 -1.446 -1.379 -1.351 -1.114 -1.464 -1.354 -0.924 -1.104 -1.254 -1.356 -1.391 -1.389
5.411 7.301 0.528 2.783 4.673 4.536 5.148 9.566 10.771 9.846 9.066 5.711 5.171 4.616 4.498 4.508 4.36 4.361 4.442 4.485 4.474 4.691 5.082 4.372 5.209 5.738 6.463 4.46 4.559 4.561 7.383 6.051 0.005 -0.026 -0.039 0.044 0.003 -0.124 -0.111 -0.15 -0.006 -0.082 -0.096 -0.122 -0.098 0.558 2.571 2.688 2.455 2.023 0.534 -0.641 -0.743 -0.943 -1.087 -1.079 -1.103 -1.262 -1.22 -1.331 -1.224 -1.346 -1.161 -1.314 -1.271 -1.409 -1.376 -1.311 -1.329 -1.289 -1.306 -1.409 -1.224
6.953 4.448 2.226 3.921 4.608 4.498 8.291 10.566 11.373 12.733 11.308 12.211 5.311 4.603 5.306 4.462 4.397 4.345 4.448 4.488 4.661 4.573 4.617 5.029 4.331 4.388 4.407 4.507 4.877 4.609 7.222 0.101 0.001 -0.101 0.121 -0.029 -0.114 -0.185 -0.189 -0.113 -0.051 -0.1 -0.219 -0.161 -0.092 0.952 2.728 2.667 2.324 1.854 -0.011 -0.609 -0.66 -0.862 -0.979 -0.929 -1.224 -1.209 -1.171 -1.214 -1.359 -1.299 -1.319 -1.366 -1.249 -1.271 -1.404 -1.386 -1.476 -1.439 -1.064 -1.251 -1.299
6.838 0.251 2.058 5.591 4.563 5.241 9.908 11.651 10.493 7.921 7.181 11.623 10.708 4.526 4.536 4.318 4.392 4.41 4.487 4.513 4.698 4.496 4.481 5.463 4.682 5.668 4.445 4.544 4.523 4.404 1.138 -0.044 0.021 0.001 0.063 -0.185 -0.061 -0.102 -0.071 -0.224 -0.138 -0.203 -0.234 -0.274 1.31 2.516 2.611 2.342 2.004 1.524 -0.501 -0.67 -0.786 -0.909 -0.893 -1.008 -1.111 -1.03 -1.257 -1.386 -1.219 -1.294 -1.361 -1.426 -1.331 -1.309 -1.244 -1.466 -1.374 -1.369 -1.414 -1.269 -1.169
6.973 5.878 7.038 4.791 4.613 8.241 10.158 10.906 9.613 8.378 7.026 15.176 15.076 6.838 4.451 4.418 4.415 4.454 4.493 4.648 4.533 4.486 4.444 4.512 5.283 4.457 4.569 4.532 4.683 0.721 -0.134 -0.094 -0.066 -0.079 -0.066 -0.205 -0.085 -0.019 -0.07 -0.136 -0.298 -0.303 -0.274 -0.294 2.183 2.419 2.37 2.222 1.726 -0.147 -0.622 -0.667 -0.797 -0.807 -0.773 -1.246 -1.195 -1.208 -1.179 -1.394 -1.349 -1.391 -1.336 -1.356 -1.209 -1.261 -1.259 -1.259 -1.349 -1.289 -1.416 -1.506 -1.231
6.863 6.356 6.696 4.811 4.733 6.358 6.448 9.206 7.443 8.981 8.813 8.513 10.398 4.433 4.338 4.39 4.423 4.503 4.525 4.708 4.538 4.456 4.385 4.746 4.798 4.552 4.536 4.579 4.43 -0.087 0.068 -0.157 -0.194 -0.159 -0.118 -0.083 -0.037 -0.117 -0.063 -0.137 -0.273 -0.315 -0.331 1.609 2.035 2.129 2.533 1.861 1.196 -0.593 -0.593 -0.711 -0.787 -0.712 -0.916 -1.07 -0.951 -1.157 -1.159 -1.301 -1.341 -1.381 -1.321 -1.214 -1.244 -1.261 -1.419 -1.311 -1.151 -1.184 -1.324 -1.171 -1.181
4.933 5.243 4.866 4.838 4.753 5.803 6.086 5.366 6.716 6.553 8.806 4.541 4.491 4.418 4.383 4.474 4.476 4.484 4.648 4.585 4.492 4.445 4.395 5.29 4.516 4.504 4.564 4.633 1.001 -0.043 -0.131 -0.132 -0.151 -0.254 -0.152 -0.087 0.039 -0.054 -0.167 -0.143 -0.279 -0.273 0.145 1.684 1.873 2.018 2.095 1.315 -0.287 -0.688 -0.731 -0.75 -0.784 -0.872 -1.002 -1.106 -1.09 -1.252 -1.224 -1.171 -1.391 -1.466 -1.141 -1.334 -1.259 -1.231 -1.319 -1.186 -1.234 -1.319 -1.324 -1.179 -1.106
4.976 4.911 4.838 4.751 4.641 4.741 5.111 5.746 6.116 7.031 6.453 4.533 4.466 4.351 4.421 4.503 4.499 4.54 4.69 4.484 4.446 4.441 4.505 4.984 5.03 4.542 4.568 4.599 -0.156 0.106 -0.035 -0.124 -0.116 -0.092 -0.173 -0.171 -0.027 -0.119 -0.105 -0.27 -0.284 -0.349 1.5 1.617 2.08 1.796 1.336 0.647 -0.637 -0.673 -0.729 -0.895 -0.899 -0.977 -0.898 -1.037 -1.084 -1.271 -1.316 -1.299 -1.276 -1.231 -1.234 -1.519 -1.334 -1.294 -1.279 -1.386 -1.444 -1.374 -1.121 -1.359 -1.211
5.353 5.736 4.998 4.676 4.663 4.631 4.533 4.556 5.103 5.213 4.501 4.516 4.983 4.446 4.393 4.534 4.548 4.661 4.613 4.513 4.497 4.407 4.428 4.476 4.632 4.599 4.696 0.806 -0.292 -0.197 -0.165 -0.046 -0.056 -0.068 -0.117 -0.193 -0.069 -0.137 -0.21 -0.277 -0.347 0.533 1.575 1.431 1.897 1.099 0.852 -0.645 -0.684 -0.763 -0.8 -0.984 -0.965 -1.118 -1.084 -1.245 -1.234 -1.266 -1.249 -1.171 -1.259 -1.101 -1.229 -1.349 -1.084 -1.099 -1.436 -1.064 -1.251 -1.269 -1.196 -1.334 -1.231
5.366 5.321 5.213 5.141 4.903 4.656 4.553 4.471 4.456 4.406 4.453 4.393 4.333 4.373 4.448 4.548 4.533 4.666 4.517 4.5 4.445 4.376 4.348 4.509 4.588 4.599 4.517 -0.243 -0.028 -0.001 -0.225 -0.218 -0.26 -0.162 -0.271 -0.183 -0.303 -0.197 -0.291 -0.31 -0.356 1.655 1.474 1.351 1.025 0.888 -0.063 -0.682 -0.709 -0.778 -0.889 -0.895 -0.985 -0.902 -1.232 -1.287 -1.209 -1.236 -1.269 -1.259 -1.301 -1.294 -1.326 -1.246 -1.264 -1.164 -1.134 -1.206 -1.211 -1.439 -1.239 -1.039 -1.129
5.428 5.371 5.271 5.183 5.108 5.018 4.798 4.398 4.436 4.428 4.388 4.378 4.306 4.538 4.486 4.555 4.652 4.657 4.536 4.506 4.381 4.355 4.476 4.572 4.613 4.902 0.859 -0.22 -0.075 -0.147 -0.082 -0.185 -0.268 -0.325 -0.427 -0.342 -0.346 -0.32 -0.333 -0.213 1.37 2.436 2.505 1.449 0.861 0.476 -0.68 -0.766 -0.912 -1.043 -0.963 -1.031 -0.877 -1.078 -1.269 -1.3 -1.294 -1.289 -1.176 -1.161 -1.346 -1.319 -1.264 -1.339 -1.316 -1.219 -1.056 -1.286 -1.211 -1.239 -1.291 -1.189 -1.086
5.403 5.348 5.278 5.233 5.108 5.066 4.963 4.881 4.598 4.436 4.356 4.338 4.408 4.378 4.511 4.526 4.713 4.541 4.519 4.392 4.397 4.349 4.535 4.57 4.581 4.74 -0.252 -0.257 -0.221 -0.239 -0.327 -0.201 -0.336 -0.333 -0.283 -0.307 -0.351 -0.374 -0.352 0.758 2.588 2.304 2.186 1.98 0.634 -0.432 -0.99 -0.783 -1.043 -1.031 -1.216 -1.02 -1.105 -1.16 -1.268 -1.294 -1.294 -1.246 -1.159 -1.306 -1.396 -1.309 -1.169 -1.369 -1.426 -1.339 -1.331 -1.336 -1.239 -0.984 -1.069 -1.214 -1.111
5.363 5.353 5.331 5.153 5.131 5.016 4.993 4.843 4.506 4.413 4.413 4.318 4.421 4.458 4.568 4.67 4.638 4.54 4.503 4.429 4.411 4.655 4.651 4.593 4.673 0.831 -0.297 -0.255 -0.291 -0.284 -0.329 -0.341 -0.381 -0.354 -0.43 -0.467 -0.485 -0.434 -0.334 2.517 3.07 3.186 2.796 1.719 0.247 -0.875 -0.864 -0.877 -0.993 -1.129 -1.14 -1.091 -1.228 -1.331 -1.394 -1.111 -1.239 -1.174 -1.291 -1.361 -1.316 -1.234 -1.166 -1.344 -1.261 -1.119 -1.294 -1.109 -1.316 -1.284 -1.269 -1.356 -1.406
10.523 5.251 5.253 5.221 5.153 5.086 4.983 4.776 4.471 4.488 4.308 4.296 4.483 4.536 4.581 4.707 4.58 4.423 4.474 4.358 4.295 4.794 4.619 4.608 4.712 -0.429 -0.39 -0.524 -0.398 -0.349 -0.417 -0.27 -0.435 -0.403 -0.494 -0.531 -0.252 -0.503 0.136 2.936 3.105 3.155 2.54 1.197 -0.682 -1.003 -0.841 -1.151 -1.143 -1.02 -1.258 -1.323 -1.289 -1.164 -1.361 -1.124 -1.256 -1.299 -1.286 -1.306 -1.256 -1.144 -1.266 -1.236 -1.234 -1.144 -1.146 -1.201 -1.309 -1.159 -1.389 -1.211 -1.286
